0.5321524967525442
0.477534835936568
0.40964437016713695
0.5374083192672662
0.4445276622862584
0.4863196665997714
0.4919153674734815
0.46541788632790115
0.47341125483421553
0.3619666558408005
0.4343796720066078
0.43736475376675366
0.4900274532958068
0.5567248778745041
0.5155749873553432
0.5269925467348278
0.5925963554003828
0.5935117686479023
0.4804478456705744
0.5194974886317837
0.4779160875774674
0.5285509452367947
0.5531217319199679
0.42575830649846647
0.49700965021049703
0.46513918590392866
0.5143003083817512
0.5340663528422204
0.4848218970256859
0.393888563586929
0.5288726339365184
0.4199230409731083
0.4677922936767227
0.49763868684985435
0.3806982682887323
0.5075698946283536
0.5114965840440588
0.5279248337931957
0.5298529430685296
0.5580166963053501
0.4313384507101592
0.48906332295413135
0.49705215844418205
0.5092425920891718
0.46200791184775186
0.49180789341628117
0.5385652506373442
0.48807214908032887
0.4326241416081401
0.5557286120421348
0.5638408309828973
0.5236675623764417
0.5343391196860048
0.49359685147680643
0.48084104450741416
0.40680972099573254
0.451572517371619
0.5259328440719999
0.4737594754894612
0.4541260534421492
0.5668410933501964
0.4194725129578155
0.545285226328367
0.5249789589854847
0.4366270477197974
0.3939980759006827
0.486215015337701
0.4555182987299231
0.5224019229960051
0.49018075618154905
0.5572148436689157
0.4692578504464553
0.4560981874331721
0.4604675286404297
0.6383666766596007
0.5133174307561236
0.44844980706813886
0.5011632988521676
0.44499262229763525
0.4282336379137394
0.5096443177606147
0.4959442325885048
0.5066184038065944
0.4824048361072266
0.5759218183795692
0.5025198432004659
0.49605286145350813
0.5330560777541158
0.5479945261208856
0.4318985689675502
0.5108471664283716
0.48880176539858966
0.4983975202236365
0.4548765565521099
0.4296499933780273
0.5169832785643198
0.5391088213314446
0.4911600183218018
0.4182714469166994
0.5398251361801432
0.4541669625942176
0.4697650278947335
0.45711327238240984
0.513277186971566
0.5286661681757507
0.41472116850016866
0.5464682675149931
0.536732813056464
0.5816780485625758
0.5481168649636831
0.503279741227932
0.544685056544862
0.4921655112027684
0.5692869645491104
0.4635660732908593
0.517306921047404
0.5252041902333158
0.5391445605974654
0.47175176984557826
0.48556925600239687
0.5513875716264002
0.46676237104503615
0.46376292783619777
0.5888560523017297
0.5187863769673005
0.5038780846114526
0.5254589632959373
0.5709154449469287
0.5305521114705634
0.4483776985799083
0.46529827260541795
0.6017245274013108
0.5034800839462595
0.5468499714175583
0.5110914457251913
0.5915191029895199
0.3857551243741023
0.559650072466595
0.43789902597900365
0.49535235744323874
0.5401494297149799
0.5036630196001184
0.520419450581445
0.6152821083240865
0.5150480685482832
0.4501406762456561
0.4618236608071055
0.4741257000821024
0.5590056744892238
0.4446993606725788
0.5329724903544202
0.41637677719612265
0.5244499199235764
0.5152401838603581
0.48661090082229375
0.46274199999831334
0.441584529102258
0.4788386495574914
0.4775540101061907
0.5283983854355663
0.5226213722054402
0.5231779160272392
0.46674170543588517
0.6100701279644376
0.5572530596775762
0.49869297277661073
0.4132499484126462
0.4840429646034836
0.5138139031517683
0.5340174728760669
0.46890638347151614
0.47632050306027024
0.5710504600257161
0.5733414833337893
0.5327500605442574
0.4428356906976235
0.5430268787310357
0.4449488474723875
0.5725491608761303
0.5870566857593479
0.38870395470995706
0.5211638203462778
0.49810886082550115
0.46961916250183866
0.543897598335483
0.4824848217319667
0.5122972855200754
0.46526966791300806
0.5493206900114296
0.48649974723973777
0.4998185217781628
0.5033603806547975
0.49703682681492056
0.5198311823450177
0.5437377682970397
0.5410504407600518
0.4741245462435849
0.5274737240560612
0.4504398630240515
0.5082721065653797
