18.101665
18.099250
18.100933
18.096369
18.092937
18.091260
18.090456
18.088953
18.090069
18.090312
18.090577
18.091492
18.091652
18.091600
18.091838
18.092221
18.092933
18.092700
18.091955
18.091922
18.091692
18.091419
18.091083
18.090409
18.090420
18.090083
18.090159
18.089318
18.088890
18.088545
18.088197
18.087957
18.088096
18.087499
18.087407
18.087045
18.087263
18.087309
18.087413
18.087534
18.087684
18.087455
18.087542
18.087631
18.087561
18.087493
18.087590
18.087460
18.087492
18.087445
18.087262
18.087101
18.086928
18.087148
18.087097
18.086994
18.087150
18.087271
18.087363
18.087266
18.087153
18.086967
18.086915
18.087022
18.086971
18.087197
18.087201
18.087080
18.087036
18.086823
18.086724
18.086612
18.086685
18.086703
18.086501
18.086459
18.086365
18.086373
18.086280
18.086463
18.086478
18.086499
18.086464
18.086501
18.086449
18.086539
18.086475
18.086470
18.086426
18.086327
18.086375
18.086493
18.086344
18.086242
18.086188
18.086339
18.086286
18.086328
18.086236
18.086206
18.085921
18.085809
18.085706
18.085995
18.086003
18.086103
18.085985
18.085972
18.085886
18.085816
18.085733
18.085354
18.085183
18.085165
18.084971
18.084747
18.084529
18.084488
18.084725
18.084711
18.084555
18.084584
18.084622
18.084768
18.084715
18.084912
18.084816
18.085118
18.085172
18.085247
18.085374
18.085471
18.085185
18.085389
18.085339
18.085567
18.085352
18.085295
18.085138
18.085170
18.085115
18.085138
18.085184
18.085046
18.084998
18.084851
18.084887
18.084953
18.084954
18.084833
18.084832
18.084989
18.084991
18.084677
18.084645
18.084406
18.084364
18.084362
18.084319
18.084379
18.084334
18.084481
18.084388
18.084298
18.084344
18.084133
18.084120
18.084092
18.084256
18.084282
18.084144
18.084148
18.084050
18.083983
18.084044
18.083986
18.083825
18.083883
18.083917
18.083710
18.083756
18.083790
18.083778
18.083740
18.083692
18.083726
18.083798
18.083830
18.083896
18.084051
18.084057
18.083754
18.083755
18.083980
18.084009
18.083872
18.084015
18.083896
18.084062
18.083990
18.084163
18.084160
18.084004
18.083781
18.083781
18.083719
18.083762
18.083857
18.083988
18.083876
18.083911
18.084050
18.084085
18.083971
18.084009
18.084212
18.084312
18.084412
18.084241
18.084269
18.084540
18.084534
18.084449
18.084441
18.084483
18.084405
18.084568
18.084391
18.084288
18.084170
18.083912
18.083797
18.084037
18.084146
18.084114
18.084004
18.084082
18.084192
18.084211
18.083930
18.083949
18.084031
18.084130
18.084201
18.084217
18.084477
133.174727
133.176242
133.174034
133.179573
133.182513
133.183713
133.179763
133.180694
133.181250
133.182714
133.184750
133.184859
133.185503
133.184641
133.185081
133.184315
133.183897
133.183806
133.184465
133.184742
133.184378
133.184605
133.185091
133.184992
133.184321
133.184978
133.185190
133.185194
133.184934
133.184361
133.184422
133.184032
133.183988
133.184194
133.184129
133.184009
133.184195
133.184196
133.184261
133.184049
133.184208
133.183885
133.183660
133.183465
133.183928
133.183583
133.183642
133.183528
133.183634
133.183705
133.183861
133.183795
133.183612
133.184197
133.184144
133.184023
133.183787
133.183804
133.184106
133.184187
133.184119
133.184312
133.184582
133.184363
133.184292
133.184219
133.184443
133.184222
133.184081
133.183913
133.183811
133.183819
133.183789
133.183749
133.183491
133.183330
133.183455
133.183536
133.183674
133.183694
133.183740
133.183842
133.183774
133.183786
133.183776
133.183686
133.183887
133.183518
133.183636
133.183726
133.183914
133.183770
133.183946
133.183774
133.183808
133.184048
133.183736
133.183815
133.183736
133.183652
133.183842
133.183704
133.183581
133.183261
133.183113
133.183034
133.183379
133.183454
133.183328
133.183123
133.182803
133.182679
133.182697
133.182636
133.182629
133.182863
133.182835
133.182925
133.182714
133.182748
133.182854
133.182708
133.182754
133.182837
133.182904
133.182908
133.182841
133.183022
133.183074
133.183106
133.183070
133.183273
133.183452
133.183501
133.183651
133.183821
133.183764
133.183770
133.183777
133.183799
133.183757
133.183816
133.183898
133.184026
133.183846
133.183896
133.183845
133.183880
133.183910
133.183891
133.183935
133.184005
133.184005
133.183790
133.183940
133.184061
133.184073
133.184248
133.183980
133.183763
133.183848
133.183864
133.183903
133.184009
133.184389
133.184289
133.184179
133.184317
133.184313
133.184327
133.184294
133.184267
133.184277
133.184386
133.184546
133.184641
133.184551
133.184503
133.184475
133.184581
133.184595
133.184530
133.184557
133.184605
133.184470
133.184547
133.184152
133.184412
133.184442
133.184124
133.184074
133.184197
133.183994
133.184302
133.184459
133.184252
133.184387
133.184106
133.184073
133.184054
133.183974
133.184034
133.184319
133.184435
133.184470
133.184517
133.184615
133.184330
133.184515
133.184343
