0.4789498384445374
0.48374330717413816
0.5189096722826632
0.5133628585553466
0.46188394352241857
0.4664460306611987
0.5156959193589147
0.5053640906785981
0.5001420425045325
0.5390501192483422
0.47604761595763345
0.4981694355871231
0.49558151150137497
0.48117348055463094
0.49061760268494065
0.4684511254478743
0.5170142323809028
0.5385024959262632
0.47568678638154527
0.48441361628732627
0.5207261628514744
0.5167556574751299
0.5241494438448013
0.5119912174090681
0.49884641586416556
0.4799846040275013
0.529264206471084
0.5419033637522341
0.5009350026609395
0.5577272606796104
0.4777714368850301
0.5057215765947768
0.4568431190877737
0.4831150535671177
0.48220568039109357
0.4865978349451083
0.4813343882764666
0.5310027118927456
0.4856819277264034
0.5206229662043423
0.4624292897911746
0.5414106410767252
0.5292510033303914
0.5177993998647881
0.4852768044372787
0.48538839891869806
0.46382890068416976
0.5135775175809385
0.5435916945191505
0.5057412322289387
0.46801626429419874
0.5117445377597631
0.5033260128538437
0.5166805647787163
0.4854902170680558
0.48803512988305553
0.4820107072230304
0.535777661508502
0.45073655345440417
0.5293758200605103
0.49684315528729145
0.5284126288749706
0.5043322057460607
0.5378274464309185
0.47446277482889576
0.4926875416559826
0.5029083205025858
0.539448066844084
0.4923579693542037
0.4892878151716896
0.4981029052565269
0.5082884142235586
0.5399339537067207
0.4826978717161018
0.49118185555041854
0.46101837206352364
0.5153683634642832
0.5651999206504964
0.515411262321561
0.46921956645070645
0.5020457659820776
0.5240165851357697
0.4962466164796648
0.5107340850906593
0.44372389989402283
0.4721058737072284
0.4913761509977425
0.4877291649711021
0.4908081907450561
0.5173031470104615
0.5174728163879672
0.4958330180591108
0.4961424240003252
0.5376402783886798
0.5242419600303794
0.4920586092420673
0.47913779002033946
0.477151985442779
0.4681949443150661
0.5200556361743105
0.47395394384074285
0.4855336827219913
0.5193105694862423
0.48098654273012975
0.48094166177138076
0.5146025962400704
0.5048421495930453
0.4829782031170722
0.532016614313707
0.5282240924190293
0.48040234977957985
0.5113050099145237
0.503815587614068
0.49554533012299673
0.5602547059240426
0.4626596441162471
0.4599736679457285
0.525297866074675
0.456624425708242
0.4595330671116053
0.47300593939612956
0.5542490407556335
0.4808408919184127
0.514837418562976
0.5329580946893702
0.5388427977963567
0.5309896437089929
0.49091179397800333
0.5085660896166253
0.47783657577522376
0.5371679047339228
0.5210621440685023
0.5005919449618353
0.505873514102839
0.48793428286446183
0.5301029822631116
0.48316324568788377
0.4982802457113684
0.44610749923495674
0.5092951685984664
0.4892542914016472
0.48287280010595934
0.4557958044630426
0.5185508059306156
0.4922738911632478
0.4928557101681459
0.5457482544448559
0.5041522269768736
0.48819275113005844
0.4626718931383012
0.4945669449640898
0.5396993572360502
0.4875920040746896
0.5340098834146427
0.5415627498522604
0.5014857411970359
0.5083496574259189
0.5097104683502158
0.5286565760440942
0.4869823473014729
0.45403092477156304
0.5054205207771756
0.4961637050096662
0.4691318584961709
0.5158430768503433
0.518069160749436
0.5065065426824706
0.4925336854276493
0.5456687182378329
0.42676088868066947
0.49337130886480707
0.4925727678529575
0.5252586857828881
0.48704911718123545
0.47844203082634956
0.4748267713896383
0.46940733310871924
0.5173928284306397
0.4654627209301244
0.473004774526496
0.4895952049326122
0.5524007791722891
0.5351086313049218
0.46681733256548624
0.5099335722456335
0.49524447348079453
0.5203722569141038
0.5296789731543352
0.530705910998279
0.4988891195257211
0.5017183486424459
0.4785181255619846
0.49540786276975446
0.556850670378034
0.5248214554673684
0.5393267228354414
0.5058510756804999
0.5267366856655871
0.5462768044842103
0.4755940985431328
0.4705460359554907
0.4909152002862249
0.5297966016833322
0.5125402456984123
0.48972733742346364
0.47930841613615116
0.5310479526893361
0.5005736824700961
0.5458130296452377
0.5209326506375123
0.4787050904542875
0.49084542657150326
0.47270928700520504
0.5260469302423662
0.511382727751078
0.48744174466600176
0.48200134580136345
0.473845646807323
0.4647107874088662
0.5034223745084137
0.5158475081041016
0.47462453076271544
0.47108185961508475
0.4815875755134407
0.48123452066753103
0.4865996415099961
0.5406394255910079
0.49726603858071516
0.5250604876530223
0.5268868020341937
0.5114542878619263
0.4862991703635764
0.51793636495765
0.5031176141808147
0.5142739666432178
0.5179826739723967
0.52330737093843
0.5130186831175488
0.4535491152083799
0.5054882612316314
0.4870133434235856
0.5012443220782364
0.5074218395694161
0.5412734656648404
0.48718299389578973
0.5085119130050524
0.54476933772591
0.4751316013296948
0.45495877584038524
0.5207483096942231
0.5240717377302861
0.4990322016447263
0.504002529822434
0.5074863759749443
0.5115492658212755
0.4920071212034881
0.5040883736593869
0.5224209397884321
0.4653997625843316
0.4946068874920657
0.48447289932550813
0.4923343208626716
0.5094793130364146
0.5385711213913872
0.48992515341144843
0.5031813321763243
0.5053117087386383
0.4773160277545401
0.5162017826014846
0.5323604302478664
0.4836453811056139
0.47441245619779376
0.5089027922285964
0.48661592159249234
0.4832989391338286
0.5376257928503003
0.5154165825728958
0.5378938882920818
0.5277906803268178
0.411777280367654
0.5370085089286611
0.5686917445125071
0.489516147622724
0.44447718486900606
0.47140140287587984
0.465489446839694
0.4420762735611137
0.49904757300884917
0.5202649758644593
0.49443837688144904
0.5193391015490346
0.5146269707567135
0.5088057320352907
0.5317703688908517
0.4760357512298398
0.4641089660910884
0.5140023219004829
0.5056094054414972
0.49972684588447275
0.4707192242606484
0.5125655762565088
0.48958759378179695
0.4859104099321286
0.5018063209161029
0.4967907940560765
0.471070497846904
0.487862229621457
0.5255638377249741
0.48456938169128255
0.49456679558217276
0.5166979113000131
0.49387755598054156
0.5357081775632149
0.4558151007630441
0.5004660615534864
0.5001098383167338
0.5195675889577321
